00
0000800000000000
0000000000000000
0800150000000000
0000000000000000
0000001300000000
0000000000000000
0000001200000000
0000000000000000
0000001a00000000
0000000000000000
0000000800000000
0000000000000000
0000001500000000
0000000000000000
0000001600000000
0000000000000000
0000000b00000000
0000000000000000
0000000800000000
0000000000000000
0000000f00000000
0000000000000000
0000000f00000000
0000000000000000
0000280000000000
0000000000000000
0200002600000000
0000000000000000
0200001100000000
0000000000000000
0000000800000000
0000000000000000
0000001a00000000
0000000000000000
0000002d00000000
0000000000000000
0200001200000000
0000000000000000
0000000500000000
0000000000000000
0000000d00000000
0000000000000000
0000000800000000
0000000000000000
0000000600000000
0000000000000000
0000001700000000
0000000000000000
0000002c00000000
0000000000000000
0200001600000000
0000000000000000
0000001c00000000
0000000000000000
0000001600000000
0000000000000000
0000001700000000
0000000000000000
0000000800000000
0000000000000000
0000001000000000
0000000000000000
0000003700000000
0000000000000000
0200001100000000
0000000000000000
0000000800000000
0000000000000000
0000001700000000
0000000000000000
0000003700000000
0000000000000000
0200001a00000000
0000000000000000
0000000800000000
0000000000000000
0000000500000000
0000000000000000
0200000600000000
0000000000000000
0000000f00000000
0000000000000000
0000000c00000000
0000000000000000
0000000800000000
0000000000000000
0000001100000000
0000000000000000
0000001700000000
0000000000000000
0200002700000000
0000000000000000
0000003700000000
0000000000000000
0200000700000000
0000000000000000
0000001200000000
0000000000000000
0000001a00000000
0000000000000000
0000001100000000
0000000000000000
0000000f00000000
0000000000000000
0000001200000000
0000000000000000
0000000400000000
0000000000000000
0000000700000000
0000000000000000
0200000900000000
0000000000000000
0000000c00000000
0000000000000000
0000000f00000000
0000000000000000
0000000800000000
0000000000000000
0200002600000000
0000000000000000
0000003400000000
0000000000000000
0000000b00000000
0000000000000000
0000001700000000
0000000000000000
0000001700000000
0000000000000000
0000001300000000
0000000000000000
0000001600000000
0000000000000000
0200003300000000
0000000000000000
0000003800000000
0000000000000000
0000003800000000
0000000000000000
0000000a00000000
0000000000000000
0000000c00000000
0000000000000000
0000001700000000
0000000000000000
0000000b00000000
0000000000000000
0000001800000000
0000000000000000
0000000500000000
0000000000000000
0000003700000000
0000000000000000
0000000600000000
0000000000000000
0000001200000000
0000000000000000
0000001000000000
0000000000000000
0000003800000000
0000000000000000
0000000d00000000
0000000000000000
0000000c00000000
0000000000000000
0000000400000000
0000000000000000
0000001c00000000
0000000000000000
0000001800000000
0000000000000000
0000001400000000
0000000000000000
0000000c00000000
0000000000000000
0000002400000000
0000000000000000
0000002500000000
0000000000000000
0000001e00000000
0000000000000000
0000002000000000
0000000000000000
0000003800000000
0000000000000000
0000000700000000
0000000000000000
0000001200000000
0000000000000000
0000001a00000000
0000000000000000
0000001100000000
0000000000000000
0000000f00000000
0000000000000000
0000001200000000
0000000000000000
0000000400000000
0000000000000000
0000000700000000
0000000000000000
0000003800000000
0000000000000000
0000001500000000
0000000000000000
0000000800000000
0000000000000000
0000000f00000000
0000000000000000
0000000800000000
0000000000000000
0000000400000000
0000000000000000
0000001600000000
0000000000000000
0000000800000000
0000000000000000
0000001600000000
0000000000000000
0000003800000000
0000000000000000
0000000700000000
0000000000000000
0000001200000000
0000000000000000
0000001a00000000
0000000000000000
0000001100000000
0000000000000000
0000000f00000000
0000000000000000
0000001200000000
0000000000000000
0000000400000000
0000000000000000
0000000700000000
0000000000000000
0000003800000000
0000000000000000
0000000900000000
0000000000000000
0000003800000000
0000000000000000
0000001000000000
0000000000000000
0000000400000000
0000000000000000
0000000f00000000
0000000000000000
0000003700000000
0000000000000000
0000001300000000
0000000000000000
0000000700000000
0000000000000000
0000000900000000
0000000000000000
0000003400000000
0000000000000000
0000003600000000
0000000000000000
0000002c00000000
0000000000000000
0000003400000000
0000000000000000
0200000600000000
0000000000000000
0200003300000000
0000000000000000
0000003100000000
0000000000000000
0000001a00000000
0000000000000000
0000001200000000
0000000000000000
0000001500000000
0000000000000000
0000000700000000
0000000000000000
0000003700000000
0000000000000000
0000001300000000
0000000000000000
0000000700000000
0000000000000000
0000000900000000
0000000000000000
0000003400000000
0000000000000000
0200002700000000
0000000000000000
0000280000000000
0000000000000000
0000000600000000
0000000000000000
0000001000000000
0000000000000000
0000000700000000
0000000000000000
0000002c00000000
0000000000000000
0000003800000000
0000000000000000
0000000600000000
0000000000000000
0000002c00000000
0000000000000000
0000001600000000
0000000000000000
0000001700000000
0000000000000000
0000000400000000
0000000000000000
0000001500000000
0000000000000000
0000001700000000
0000000000000000
0000002c00000000
0000000000000000
0200000600000000
0000000000000000
0200003300000000
0000000000000000
0000003100000000
0000000000000000
0000001a00000000
0000000000000000
0000001200000000
0000000000000000
0000001500000000
0000000000000000
0000000700000000
0000000000000000
0000003700000000
0000000000000000
0000001300000000
0000000000000000
0000000700000000
0000000000000000
0000000900000000
0000000000000000
0000280000000000
0000000000000000
